nowTime: 2020-08-20 10:33:33
epoch = 1  loss = 11.416483794403819
lr = 2.5e-05

nowTime: 2020-08-20 12:57:31
epoch = 2  loss = 3.5961926538025004
lr = 5e-05

nowTime: 2020-08-20 15:21:37
